{
 "cells": [
  {
   "cell_type": "markdown",
   "id": "fifteen-sailing",
   "metadata": {
    "id": "fifteen-sailing"
   },
   "source": [
    "# Лабораторная работа №1\n",
    "## Выполнил студент группы БВТ2105 Соколов Юрий Александрович"
   ]
  },
  {
   "cell_type": "markdown",
   "id": "particular-syndicate",
   "metadata": {
    "id": "particular-syndicate"
   },
   "source": [
    "### Оглавление\n",
    "1. [Задание 1](#Задание-№1)\n",
    "2. [Задание 2](#Задание-№2)\n",
    "3. [Задание 3](#Задание-№3)\n",
    "4. [Вывод](#Вывод)"
   ]
  },
  {
   "cell_type": "markdown",
   "id": "arctic-stocks",
   "metadata": {
    "id": "arctic-stocks"
   },
   "source": [
    "### Задание №1\n",
    "<i> Вызвать функцию print() и передать туда строку Hello, World! </i>"
   ]
  },
  {
   "cell_type": "code",
   "execution_count": 1,
   "id": "caring-truck",
   "metadata": {
    "ExecuteTime": {
     "end_time": "2023-06-14T17:06:55.417228Z",
     "start_time": "2023-06-14T17:06:55.410582Z"
    },
    "id": "caring-truck",
    "scrolled": true
   },
   "outputs": [
    {
     "name": "stdout",
     "output_type": "stream",
     "text": [
      "Hello, World!\n"
     ]
    }
   ],
   "source": [
    "print(\"Hello, World!\")"
   ]
  },
  {
   "cell_type": "markdown",
   "id": "maritime-conversation",
   "metadata": {
    "id": "maritime-conversation"
   },
   "source": [
    "### Задание №2\n",
    "Написать генератор случайных матриц(многомерных), который принимает\n",
    "опциональные параметры <b>m</b>, <b>n</b>, <b>min_limit</b>, <b>max_limit</b>, где <b>m</b> и <b>n</b> указывают размер\n",
    "матрицы, а <b>min_lim</b> и <b>max_lim</b> - минимальное и максимальное значение для\n",
    "генерируемого числа."
   ]
  },
  {
   "cell_type": "code",
   "execution_count": 2,
   "id": "built-contact",
   "metadata": {
    "ExecuteTime": {
     "end_time": "2023-06-14T17:06:57.933106Z",
     "start_time": "2023-06-14T17:06:57.446214Z"
    },
    "id": "built-contact"
   },
   "outputs": [],
   "source": [
    "import random\n",
    "import time\n",
    "import numpy as np"
   ]
  },
  {
   "cell_type": "code",
   "execution_count": 3,
   "id": "alert-charm",
   "metadata": {
    "ExecuteTime": {
     "end_time": "2023-06-14T17:07:04.780636Z",
     "start_time": "2023-06-14T17:06:59.278543Z"
    },
    "id": "alert-charm",
    "outputId": "c95dd9e7-d076-4718-b6fb-25f2e6bc03b9"
   },
   "outputs": [
    {
     "name": "stdout",
     "output_type": "stream",
     "text": [
      "1\n",
      "1\n",
      "1\n",
      "10\n",
      "[[10]]\n"
     ]
    }
   ],
   "source": [
    "# Вводим параметры\n",
    "user_m = int(input())\n",
    "user_n = int(input())\n",
    "user_min_limit = int(input())\n",
    "user_max_limit = int(input())\n",
    "# Генерируем матрицу в зависимости от параметров\n",
    "def Matrix(user_m, user_n, user_min_limit, user_max_limit):\n",
    "    # Создаем одномерный массив, который будет содержать другой массив - строки матрицы\n",
    "    matrix2d = []\n",
    "    # В каждую ячейку добавляем по массиву\n",
    "    for i in range(user_m):\n",
    "        matrix1d = []\n",
    "        # Заполняем строки матрицы случайнвми числами\n",
    "        for j in range(user_n):\n",
    "            matrix1d.append(random.randint(user_min_limit, user_max_limit))\n",
    "        matrix2d.append(matrix1d)\n",
    "    return matrix2d\n",
    "print(np.array(Matrix(user_m, user_n, user_min_limit, user_max_limit)))"
   ]
  },
  {
   "cell_type": "markdown",
   "id": "catholic-roots",
   "metadata": {
    "id": "catholic-roots"
   },
   "source": [
    "### Задание №3\n",
    "Реализовать методы сортировки строк числовой матрицы в соответствии с\n",
    "заданием. Оценить время работы каждого алгоритма сортировки и сравнить его со\n",
    "временем стандартной функции сортировки. Испытания проводить на сгенерированных\n",
    "матрицах."
   ]
  },
  {
   "cell_type": "code",
   "execution_count": 14,
   "id": "opposed-creature",
   "metadata": {
    "ExecuteTime": {
     "end_time": "2023-06-14T18:45:40.994853Z",
     "start_time": "2023-06-14T18:45:40.990131Z"
    },
    "id": "opposed-creature"
   },
   "outputs": [],
   "source": [
    "import copy\n",
    "import math"
   ]
  },
  {
   "cell_type": "code",
   "execution_count": 16,
   "id": "vital-implementation",
   "metadata": {
    "ExecuteTime": {
     "end_time": "2023-06-14T18:48:52.050708Z",
     "start_time": "2023-06-14T18:48:52.041983Z"
    },
    "id": "vital-implementation",
    "outputId": "7b648bf5-37a5-4d47-926d-b799f7a23be2"
   },
   "outputs": [
    {
     "name": "stdout",
     "output_type": "stream",
     "text": [
      "неотсортированная матрица: \n",
      "[[549 881 692 697 542 221 663 455 911 712]\n",
      " [505 996 354 932 487 715 544 820  51 135]\n",
      " [999 296 934 417 559 558 245 421 504 389]\n",
      " [503 742 294 663 476 598 475 460 992 457]\n",
      " [149 211  27  59 248  64 697  88 380 216]\n",
      " [ 45 624 188 421 389 287 943 416 815 741]\n",
      " [226 893 585   0 878 323 336 723 532 474]\n",
      " [693  21 426 570 613 251 452 964 415 113]\n",
      " [693 993 611 582 454 897 189 793 920 358]\n",
      " [913 274 629 865  91 351 702 854 580 257]]\n",
      "отсортированная матрица: \n",
      "[[221 455 542 549 663 692 697 712 881 911]\n",
      " [ 51 135 354 487 505 544 715 820 932 996]\n",
      " [245 296 389 417 421 504 558 559 934 999]\n",
      " [294 457 460 475 476 503 598 663 742 992]\n",
      " [ 27  59  64  88 149 211 216 248 380 697]\n",
      " [ 45 188 287 389 416 421 624 741 815 943]\n",
      " [  0 226 323 336 474 532 585 723 878 893]\n",
      " [ 21 113 251 415 426 452 570 613 693 964]\n",
      " [189 358 454 582 611 693 793 897 920 993]\n",
      " [ 91 257 274 351 580 629 702 854 865 913]]\n",
      "--- 1 ms ---\n"
     ]
    }
   ],
   "source": [
    "# Сортировка обменом. || Сортировка пузырьком.\n",
    "start_time = time.time()\n",
    "# Сгенерируем матрицу\n",
    "unsortArr = Matrix(10,10,0,1000)\n",
    "print(\"неотсортированная матрица: \")\n",
    "print(np.array(unsortArr))\n",
    "# Напишем функцию сортировки для одномерного массива\n",
    "def booble_sort(array):\n",
    "    # Создадим переменную для длины массива, которую будем изменять\n",
    "    length = len(array)\n",
    "    while(length != 0):\n",
    "        # Запустим цикл, который за свою итерацию поставит максимальный элемент\n",
    "        # на свое последнее место\n",
    "        for i in range(1, length):\n",
    "            if array[i] < array[i-1]:\n",
    "                temp = array[i-1]\n",
    "                array[i-1] = array[i]\n",
    "                array[i] = temp\n",
    "        length -= 1\n",
    "    return array   \n",
    "# Напишем функцию сортировки матрицы\n",
    "def matrix_sort(array2d):\n",
    "    for i in range(0, len(array2d)):\n",
    "        booble_sort(array2d[i])\n",
    "    return array2d\n",
    "# Выведем отсортированную матрицу    \n",
    "print(\"отсортированная матрица: \")\n",
    "print(np.array(matrix_sort(unsortArr)))\n",
    "print(\"--- {0} ms ---\".format(round((time.time() - start_time)*1000)))"
   ]
  },
  {
   "cell_type": "code",
   "execution_count": 5,
   "id": "cleared-anniversary",
   "metadata": {
    "ExecuteTime": {
     "end_time": "2023-06-14T17:07:17.411677Z",
     "start_time": "2023-06-14T17:07:17.404024Z"
    },
    "id": "cleared-anniversary",
    "outputId": "b7c76c60-4acb-4c14-9bfb-d4f8d71093a1"
   },
   "outputs": [
    {
     "name": "stdout",
     "output_type": "stream",
     "text": [
      "неотсортированная матрица: \n",
      "[[755 461 224 784 202 213 598 883 359 533]\n",
      " [967 332 737   9  16  62 413 331  49  83]\n",
      " [378 282 785 511 989 280 155 247 533 314]\n",
      " [127 179 887   5  74 696 513 416 282 348]\n",
      " [440 211 884 702 215 927 777 326 515 804]\n",
      " [702 889 491 168 919 235 199 502 925 413]\n",
      " [ 89 488  89 182 232 451 144 424 635 958]\n",
      " [146 737 901 129 219 407 640 757 561 801]\n",
      " [842 610 786 573 271 210 912 876 376 203]\n",
      " [461 165 846 187 697 908 421 935 818 138]]\n",
      "отсортированная матрица: \n",
      "[[202 213 224 359 461 533 598 755 784 883]\n",
      " [  9  16  49  62  83 331 332 413 737 967]\n",
      " [155 247 280 282 314 378 511 533 785 989]\n",
      " [  5  74 127 179 282 348 416 513 696 887]\n",
      " [211 215 326 440 515 702 777 804 884 927]\n",
      " [168 199 235 413 491 502 702 889 919 925]\n",
      " [ 89  89 144 182 232 424 451 488 635 958]\n",
      " [129 146 219 407 561 640 737 757 801 901]\n",
      " [203 210 271 376 573 610 786 842 876 912]\n",
      " [138 165 187 421 461 697 818 846 908 935]]\n",
      "--- 1 ms ---\n"
     ]
    }
   ],
   "source": [
    "# Сортировка выбором.\n",
    "start_time = time.time()\n",
    "# Сгенерируем матрицу для которой проведем сортировку\n",
    "unsortArr = Matrix(10,10,0,1000)\n",
    "print(\"неотсортированная матрица: \")\n",
    "print(np.array(unsortArr))\n",
    "# Напишем функцию сортировки для одномерного массива\n",
    "def selection_sort(array):\n",
    "    # Будем проходить по элементам массива, запоминая минимальным индекс первого элемента\n",
    "    # в неотсортированной части массива. В результате полного перебора последний элемент\n",
    "    # будет на своем месте поэтому его не включаем\n",
    "    for i in range(0, len(array)-1):\n",
    "        min_index = i\n",
    "        # внутрениим циклом проходя по неотсортированной части массива, определим индекс\n",
    "        # минимального элемента\n",
    "        for j in range(i+1, len(array)):\n",
    "            if array[j] < array[min_index]:\n",
    "                min_index = j\n",
    "        # Если первый неотсортированный элемент так и остался минимальным, то он стоит\n",
    "        # на своем месте и нужно лишь сдвинуть цикл. Если нашелся другой минимальный элемент\n",
    "        # то поменяем элементы местами\n",
    "        if (min_index != i):\n",
    "            temp = array[min_index]\n",
    "            array[min_index] = array[i]\n",
    "            array[i] = temp\n",
    "    return array\n",
    "# Напишем функцию сортировки матрицы\n",
    "def matrix_sort(array2d):\n",
    "    for i in range(0, len(array2d)):\n",
    "        selection_sort(array2d[i])\n",
    "    return array2d\n",
    "# Выведем отсортированную матрицу    \n",
    "print(\"отсортированная матрица: \")\n",
    "print(np.array(matrix_sort(unsortArr)))\n",
    "print(\"--- {0} ms ---\".format(round((time.time() - start_time)*1000)))"
   ]
  },
  {
   "cell_type": "code",
   "execution_count": 6,
   "id": "roman-silly",
   "metadata": {
    "ExecuteTime": {
     "end_time": "2023-06-14T17:07:19.959937Z",
     "start_time": "2023-06-14T17:07:19.951291Z"
    },
    "id": "roman-silly",
    "outputId": "84666b71-fb68-4c07-d27d-e716af29fcbb",
    "scrolled": true
   },
   "outputs": [
    {
     "name": "stdout",
     "output_type": "stream",
     "text": [
      "неотсортированная матрица: \n",
      "[[840 303 504 245  63 213 670 120 746 408]\n",
      " [671 373 559 680 318 497 913 722 456 241]\n",
      " [254 776 586 947 410 546 485 275  57 356]\n",
      " [ 98 864 260 207 405 422 165 245 826 307]\n",
      " [747 529 817 666 128  83 613 748 834 783]\n",
      " [687 117 812 869 223 202 589  32 160 659]\n",
      " [261 733 459 343 446 885 730 832   9 210]\n",
      " [  1 429 855  51 649 378 545 502 932 282]\n",
      " [938 625 858 365 584 231 894 424 997 870]\n",
      " [132  99 630 561 666 338 613 150 809 272]]\n",
      "отсортированная матрица: \n",
      "[[ 63 120 213 245 303 408 504 670 746 840]\n",
      " [241 318 373 456 497 559 671 680 722 913]\n",
      " [ 57 254 275 356 410 485 546 586 776 947]\n",
      " [ 98 165 207 245 260 307 405 422 826 864]\n",
      " [ 83 128 529 613 666 747 748 783 817 834]\n",
      " [ 32 117 160 202 223 589 659 687 812 869]\n",
      " [  9 210 261 343 446 459 730 733 832 885]\n",
      " [  1  51 282 378 429 502 545 649 855 932]\n",
      " [231 365 424 584 625 858 870 894 938 997]\n",
      " [ 99 132 150 272 338 561 613 630 666 809]]\n",
      "--- 2 ms ---\n"
     ]
    }
   ],
   "source": [
    "# Сортировка вставкой.\n",
    "start_time = time.time()\n",
    "# Сгенерируем матрицу\n",
    "unsortArr = Matrix(10,10,0,1000)\n",
    "print(\"неотсортированная матрица: \")\n",
    "print(np.array(unsortArr))\n",
    "# Напишем функцию сортировки для одномерного массива\n",
    "def insertion_sort(array):\n",
    "    # Предположим, что первый элемент массива отсортирован, пройдемся в цикле по\n",
    "    # остальной неотсортированной части массива\n",
    "    for i in range(1, len(array)):\n",
    "        # создадим переменную, показывающую на каком элементе кончается\n",
    "        # отсортированная часть массива\n",
    "        sorted_arr = i-1\n",
    "        # Если максимальный элемент отсортированной части больше следуещего\n",
    "        # и в отсортированной части элементы не отсортированы вставляем элемент\n",
    "        # в отсортированную часть на свое место\n",
    "        while array[sorted_arr] > array[sorted_arr+1] and sorted_arr > -1:\n",
    "            # меняем последний отсортированный местами со следующим неотсортированным\n",
    "            temp = array[sorted_arr]\n",
    "            array[sorted_arr] = array[sorted_arr+1]\n",
    "            array[sorted_arr+1] = temp\n",
    "            # внутри отсортированной части проверяем, стоит ли на своем месте введенный элемент\n",
    "            sorted_arr -= 1\n",
    "    return array    \n",
    "# Напишем функцию сортировки матрицы\n",
    "def matrix_sort(array2d):\n",
    "    for i in range(0, len(array2d)):\n",
    "        insertion_sort(array2d[i])\n",
    "    return array2d\n",
    "# Выведем отсортированную матрицу    \n",
    "print(\"отсортированная матрица: \")\n",
    "print(np.array(matrix_sort(unsortArr)))\n",
    "print(\"--- {0} ms ---\".format(round((time.time() - start_time)*1000)))"
   ]
  },
  {
   "cell_type": "code",
   "execution_count": 17,
   "id": "veterinary-glory",
   "metadata": {
    "ExecuteTime": {
     "end_time": "2023-06-14T18:49:26.594861Z",
     "start_time": "2023-06-14T18:49:26.587590Z"
    },
    "id": "veterinary-glory",
    "outputId": "9cc2a9ff-ec7a-43de-e4a8-47945d030986"
   },
   "outputs": [
    {
     "name": "stdout",
     "output_type": "stream",
     "text": [
      "неотсортированная матрица: \n",
      "[[  1   2 208  95 257 915 896 906 216 683]\n",
      " [ 26 844 584 639  12 434 507 682 902 744]\n",
      " [647  54 978 671 373 186 578  51 129  73]\n",
      " [ 51 797 854 907 305   2 233 691 516 604]\n",
      " [268 634  53 398 259 650 275 780  13 902]\n",
      " [202 653  68 355 851  41 618 504 406  63]\n",
      " [515 438 701 749 312 665  34 145 546 611]\n",
      " [999 188 370 516 477 385 573 637 411 664]\n",
      " [633 778 429  47 150 159 545  25  57 242]\n",
      " [784 967 340 404 597 534 457 499 974 404]]\n",
      "отсортированная матрица: \n",
      "[[  1   2  95 208 216 257 683 896 906 915]\n",
      " [ 12  26 434 507 584 639 682 744 844 902]\n",
      " [ 51  54  73 129 186 373 578 647 671 978]\n",
      " [  2  51 233 305 516 604 691 797 854 907]\n",
      " [ 13  53 259 268 275 398 634 650 780 902]\n",
      " [ 41  63  68 202 355 406 504 618 653 851]\n",
      " [ 34 145 312 438 515 546 611 665 701 749]\n",
      " [188 370 385 411 477 516 573 637 664 999]\n",
      " [ 25  47  57 150 159 242 429 545 633 778]\n",
      " [340 404 404 457 499 534 597 784 967 974]]\n",
      "--- 1 ms ---\n"
     ]
    }
   ],
   "source": [
    "# Сортировка Шелла.\n",
    "start_time = time.time()\n",
    "# Сгенерируем матрицу\n",
    "unsortArr = Matrix(10,10,0,1000)\n",
    "print(\"неотсортированная матрица: \")\n",
    "print(np.array(unsortArr))\n",
    "# Напишем функцию сортировки для одномерного массива\n",
    "def shell_sort(array):\n",
    "    # Выберем первоначальное расстояние между элементами для сортировки\n",
    "    step = len(array)//2\n",
    "    # Запустим цикл для сортировки с изменением шага\n",
    "    while step > 0:\n",
    "        # Внутри шагового цикла запустим стандартную сортировку вставками\n",
    "        for i in range(step, len(array)):\n",
    "            sorted_arr = i\n",
    "            while array[sorted_arr - step] > array[sorted_arr] and sorted_arr >= step:\n",
    "                temp = array[sorted_arr - step]\n",
    "                array[sorted_arr - step] = array[sorted_arr]\n",
    "                array[sorted_arr] = temp\n",
    "                sorted_arr -= step\n",
    "        # уменьшим шаг\n",
    "        step //= 2\n",
    "    return array    \n",
    "# Напишем функцию сортировки матрицы\n",
    "def matrix_sort(array2d):\n",
    "    for i in range(0, len(array2d)):\n",
    "        shell_sort(array2d[i])\n",
    "    return array2d\n",
    "# Выведем отсортированную матрицу    \n",
    "print(\"отсортированная матрица: \")\n",
    "print(np.array(matrix_sort(unsortArr)))\n",
    "print(\"--- {0} ms ---\".format(round((time.time() - start_time)*1000)))"
   ]
  },
  {
   "cell_type": "code",
   "execution_count": 19,
   "id": "correct-chaos",
   "metadata": {
    "ExecuteTime": {
     "end_time": "2023-06-14T18:50:58.044129Z",
     "start_time": "2023-06-14T18:50:58.035486Z"
    },
    "id": "correct-chaos",
    "outputId": "f4d9aef1-8a2f-46a0-def0-4c9e049f5c77"
   },
   "outputs": [
    {
     "name": "stdout",
     "output_type": "stream",
     "text": [
      "неотсортированная матрица: \n",
      "[[773 439 352  52 579  28 261 989 743 950]\n",
      " [797 522 610  33 838 332 866 535 501 190]\n",
      " [694 568 992 486 176  90 265 518 854 687]\n",
      " [232 300 784 148 391 593 897 979 339  21]\n",
      " [172 786 380 261 759 580 407  15 899 772]\n",
      " [577 686 715 188 610 650 328 850 775 939]\n",
      " [273 513 589 455 896 596 677  12 493 860]\n",
      " [965 434 580 994 510 637 808 951 262 299]\n",
      " [957  89 311 889 243 798 343 112 221 505]\n",
      " [751 182 436 839  49 874 140 846 982 273]]\n",
      "отсортированная матрица: \n",
      "[[ 28  52 261 352 439 579 743 773 950 989]\n",
      " [ 33 190 332 501 522 610 797 535 838 866]\n",
      " [ 90 176 265 486 518 568 687 694 854 992]\n",
      " [ 21 148 232 300 339 391 593 784 897 979]\n",
      " [ 15 172 261 380 407 580 759 772 786 899]\n",
      " [188 328 577 610 650 686 715 775 850 939]\n",
      " [ 12 273 493 455 513 589 596 677 860 896]\n",
      " [262 299 434 510 580 637 808 951 965 994]\n",
      " [ 89 112 221 243 311 343 505 798 889 957]\n",
      " [ 49 140 182 273 436 751 839 846 874 982]]\n",
      "--- 2 ms ---\n"
     ]
    }
   ],
   "source": [
    "# Быстрая сортировка.\n",
    "start_time = time.time()\n",
    "# Сгенерируем матрицу\n",
    "unsortArr = Matrix(10,10,0,1000)\n",
    "print(\"неотсортированная матрица: \")\n",
    "print(np.array(unsortArr))\n",
    "# Сортировка Хоара состоит из нескольких функций, напишем их\n",
    "# Функция partition является ядром сортировки, она принимает массив и два указателя\n",
    "# и постепенно сдвигая указатели создает два отсортированных относительно друг друга\n",
    "# подмассива относительно опорного, все элементы слева от опорного меньше любого правого\n",
    "def partition(array, left, right):\n",
    "    # Создадим переменную разделитель, отвечающую за опорный элемент, выберем последний элемент\n",
    "    pivot = array[right]\n",
    "    # Для удобства переобозначим элементы и раз последий элемент опорный, сдвинем правый указатель\n",
    "    i = left\n",
    "    j = right - 1\n",
    "    # пока указатели не встретятся запустим цикл\n",
    "    while i < j:\n",
    "        # будем сдвигать указатели к опорному, если они на своих местах и их не нужно переставлять\n",
    "        while array[i] < pivot and i < right:\n",
    "            i +=1\n",
    "        while (array[j] >= pivot and j > left):\n",
    "            j -=1\n",
    "        # дойдя до элементов которые не соответсвуют своим областям\n",
    "        # где элемент слева больше опорного, а справа меньше. Если при этом\n",
    "        # указатели не встретились, поменяем их местами и сдвинем указатели\n",
    "        if i < j:\n",
    "            array[i], array[j] = array[j], array[i]\n",
    "            i +=1\n",
    "            j -=1\n",
    "    # После отсортировывания элементов относительно опорного,\n",
    "    # поставим опорный на нужное место\n",
    "    if array[i] > pivot:\n",
    "        array[i], array[right] = array[right], array[i]\n",
    "    # вернем индекс элемента относительно которого элементы слева меньше любого элемента справа\n",
    "    return i\n",
    "# Напишем функцию самой сортировки, которая будет представлена двумя рекрусиями\n",
    "def quick_sort(array, start, end):\n",
    "    if start < end:\n",
    "        right_start = partition(array, start, end)\n",
    "        quick_sort(array, start, right_start - 1)\n",
    "        quick_sort(array, right_start + 1 , end)\n",
    "# Напишем функцию сортировки матрицы\n",
    "def matrix_sort(array2d):\n",
    "    for i in range(0, len(array2d)):\n",
    "        quick_sort(array2d[i], 0, len(array2d[i])-1)\n",
    "    return array2d\n",
    "# Выведем отсортированную матрицу    \n",
    "print(\"отсортированная матрица: \")\n",
    "print(np.array(matrix_sort(unsortArr)))\n",
    "print(\"--- {0} ms ---\".format(round((time.time() - start_time)*1000)))"
   ]
  },
  {
   "cell_type": "code",
   "execution_count": 21,
   "id": "french-czech",
   "metadata": {
    "ExecuteTime": {
     "end_time": "2023-06-14T19:15:58.812750Z",
     "start_time": "2023-06-14T19:15:58.796717Z"
    },
    "colab": {
     "base_uri": "https://localhost:8080/",
     "height": 217
    },
    "id": "french-czech",
    "outputId": "7e38b779-8bbf-4955-c3ad-2a6be0ee386a"
   },
   "outputs": [
    {
     "name": "stdout",
     "output_type": "stream",
     "text": [
      "неотсортированная матрица: \n",
      "[[ 431  368  457  209  914  290  725  476  486  468]\n",
      " [ 357  913  432  207  781   91  880   99  369  550]\n",
      " [ 719  970  768   54  453  989  910  449  436   45]\n",
      " [ 371  244  870  914  913  826   37  828  280  662]\n",
      " [ 968  823  631  764  455  705  994  550  151  851]\n",
      " [  57  426  690  756   45  110  918  468  428  318]\n",
      " [  15   68  545  344  206  771  746  586  945  930]\n",
      " [ 290  813  961  643  236 1000  308  432  910  989]\n",
      " [ 665  627  209  237  329   42  477  974  672  163]\n",
      " [ 862  910  964  489  153  914  331  966  447  712]]\n",
      "отсортированная матрица: \n",
      "[[ 209  290  368  431  457  468  476  486  725  914]\n",
      " [  91   99  207  357  369  432  550  781  880  913]\n",
      " [  45   54  436  449  453  719  768  910  970  989]\n",
      " [  37  244  280  371  662  826  828  870  913  914]\n",
      " [ 151  455  550  631  705  764  823  851  968  994]\n",
      " [  45   57  110  318  426  428  468  690  756  918]\n",
      " [  15   68  206  344  545  586  746  771  930  945]\n",
      " [ 236  290  308  432  643  813  910  961  989 1000]\n",
      " [  42  163  209  237  329  477  627  665  672  974]\n",
      " [ 153  331  447  489  712  862  910  914  964  966]]\n",
      "--- 1 ms ---\n"
     ]
    }
   ],
   "source": [
    "import heapq\n",
    "# Турнирная сортировка.\n",
    "start_time = time.time()\n",
    "# Для турнирной сортировки необходимо использовать маленькую трех-уровневую кучу из 7 элементов\n",
    "# эта куча будет принимать в себя массив и распологать данные из него в минимально древовидном порядке\n",
    "# где на самом нижнем уровне самый минимальный элемент и каждый родитель меньше потомка\n",
    "\n",
    "# Вспомогательная функция для объединения отсортированных массивов\n",
    "def merge_arrays(arrayOfArrays):\n",
    "    # Если массив один, преобразуем его из двумерного в одномерный\n",
    "    if len(arrayOfArrays) == 1:\n",
    "        return arrayOfArrays[0]\n",
    "    # Если массивов несколько, создадим результирующий и отсортируем массивы по убыванию\n",
    "    result = []\n",
    "    arrayOfArrays.sort(reverse=True)\n",
    "    # Будем в цикле перебирать два одномерных массива, формируя один отсортированный, который\n",
    "    # затем пойдет на следующую итерацию цикла для объединения со следующим и т.д.\n",
    "    for i in range(0, len(arrayOfArrays)-1):\n",
    "        while arrayOfArrays[i] and arrayOfArrays[i+1]:\n",
    "            # Пока массивы не пусты, будем вынимать первый элемент в соответствии с условием\n",
    "            if arrayOfArrays[i][0] < arrayOfArrays[i+1][0]:\n",
    "                result.append(arrayOfArrays[i].pop(0))\n",
    "            else:\n",
    "                result.append(arrayOfArrays[i+1].pop(0))\n",
    "        # Если по итогу опустел i-ый массив, то по выходу из цикла остался не записанный в результат\n",
    "        # i+1 массив, добавим его к результату, иначе добавим i-ый\n",
    "        if not arrayOfArrays[i]:\n",
    "            result += arrayOfArrays[i+1]\n",
    "        else:\n",
    "            result += arrayOfArrays[i]\n",
    "        arrayOfArrays[i+1] = result\n",
    "    return result\n",
    "\n",
    "def tournament_sort(arr):\n",
    "    # Создадим массив, который будет содержать отсортированные массивы победителей\n",
    "    all_winners = []\n",
    "    flag = True\n",
    "    while flag:\n",
    "        # Создадим массив данных, состоящий из 7 элементов, куда занесем первые 7 элементов массива\n",
    "        data = []\n",
    "        if len(arr) >= 7:\n",
    "            for i in range(0, 7):\n",
    "                data.append(arr[i])\n",
    "            i = 7\n",
    "        # Если исходный массив содержит меньше чем 7 элементов, то просто выгрузим что есть в данные\n",
    "        else:\n",
    "            data = arr\n",
    "            i = len(data)+1\n",
    "        # Прервратим данные в кучу, которая по умолчанию выведет минимальный элемент на нижний уровень\n",
    "        heapq.heapify(data)\n",
    "        # Создадим массив проигравших и массив победителей\n",
    "        losers = []\n",
    "        winners = []\n",
    "        # Занесем первый минимальный элемент из кучи в массив победителей, при этам после изъятия\n",
    "        # элемента из кучи, куча переформируется сохранив древовидную структуру\n",
    "        winners.append(heapq.heappop(data))\n",
    "        # Будем пополнять кучу пока не закончится сортируемый массив\n",
    "        while i < len(arr):\n",
    "            # Сравним последний элемент массива победителей с элементом который собираемся внести в кучу\n",
    "            # Если он больше, то добавим его в кучу, если равен, то внесем в победители, иначе в проигравшие\n",
    "            if arr[i] > winners[-1]:\n",
    "                heapq.heappush(data, arr[i])\n",
    "                # Если мы внесли элемент в кучу, то сразу достанем из нее нижний элемент и внесем в победители\n",
    "                winners.append(heapq.heappop(data))\n",
    "            elif arr[i] == winners[-1]:\n",
    "                winners.append(arr[i])\n",
    "            else:\n",
    "                losers.append(arr[i])\n",
    "            i +=1\n",
    "        # По итогам итерации, мы перенесли все элементы в массивы победителей и проигравших\n",
    "        # Занесем оставшиеся в куче элементы в победителей\n",
    "        while data:\n",
    "            winners.append(heapq.heappop(data))\n",
    "        \n",
    "        flag = False\n",
    "        # Добавим партию победителей в массив всех победителей\n",
    "        all_winners.append(winners)\n",
    "        # Если у нас есть проигравшие, то для них запустим еще одну итерацию сортировки\n",
    "        if losers:\n",
    "            arr = losers\n",
    "            flag = True\n",
    "    # Получив отосртированные массивы победителей, объединим их сохранив сортировку\n",
    "    return merge_arrays(all_winners)\n",
    "       \n",
    "        \n",
    "# Функция сортировки матрицы\n",
    "def matrix_sort(array2d):\n",
    "    array2d2 = []\n",
    "    for i in range(0, len(array2d)):\n",
    "        array2d2.append(tournament_sort(array2d[i]))\n",
    "    return array2d2\n",
    "# Сгенерируем матрицу\n",
    "unsortArr = Matrix(10,10,0,1000)\n",
    "print(\"неотсортированная матрица: \")\n",
    "print(np.array(unsortArr))\n",
    "# Выведем отсортированную матрицу    \n",
    "print(\"отсортированная матрица: \")\n",
    "print(np.array(matrix_sort(unsortArr)))\n",
    "print(\"--- {0} ms ---\".format(round((time.time() - start_time)*1000)))"
   ]
  },
  {
   "cell_type": "markdown",
   "id": "rental-jerusalem",
   "metadata": {
    "id": "rental-jerusalem"
   },
   "source": [
    "### Вывод\n"
   ]
  },
  {
   "cell_type": "markdown",
   "id": "9d108a0a",
   "metadata": {
    "id": "9d108a0a"
   },
   "source": [
    "В результате проделанной работы, мы научились писать некоторые популярные сортировки в python, поняли как анализировать эффективность алгоритмов по времени и по памяти, сравнили сортировки по уровню эффективности и построили графики."
   ]
  }
 ],
 "metadata": {
  "colab": {
   "provenance": []
  },
  "kernelspec": {
   "display_name": "Python 3 (ipykernel)",
   "language": "python",
   "name": "python3"
  },
  "language_info": {
   "codemirror_mode": {
    "name": "ipython",
    "version": 3
   },
   "file_extension": ".py",
   "mimetype": "text/x-python",
   "name": "python",
   "nbconvert_exporter": "python",
   "pygments_lexer": "ipython3",
   "version": "3.11.1"
  }
 },
 "nbformat": 4,
 "nbformat_minor": 5
}
